Camera Matrix:
M[0.0]=         659.0092163M[0.1]=           0.0000000M[0.2]=         397.4593506
M[1.0]=           0.0000000M[1.1]=         660.0339966M[1.2]=         310.8800964
M[2.0]=           0.0000000M[2.1]=           0.0000000M[2.2]=           1.0000000


Distortion:
D[0]=0.047886
D[1]=-0.154790
D[2]=-0.001524
D[3]=-0.002494
